1000635
1008391
1010129
1010477
1010994
1013184
1018487
1019365
1022115
1027969
1029866
1033784
1034566
1036042
1038915
1042615
1043451
1046292
1046795
1047541
1047592
1048670
1050297
1053744
1058336
1061791
1062670
1066136
1066544
1073729
1074166
1079286
1080079
1083126
1085045
1086848
1087534
1087948
1091740
1092127
1095943
1111688
1114069
1115357
1115713
1119452
1120451
1121090
1121504
1125554
1141779
1141865
1143461
1145166
1146188
1151478
1163015
1163552
1167356
1169886
1171099
1172460
1173083
1175110
1177732
1180824
1183734
1183906
1193370
1197139
1199573
1205893
1205908
1206186
1209264
1214280
1219614
1223036
1224073
1224380
1226400
1230504
1231330
1231433
1231832
1232945
1238073
1244577
1244691
1247288
1250068
1250501
1252343
1255763
1259187
1259499
1259679
1260649
1261413
1266061
1266246
1268565
1271166
1272589
1273625
1282399
1286383
1288016
1289114
1290038
1290846
1295554
1301454
1307692
1307925
1308382
1310208
1310300
1311176
1312887
1313428
1314742
1319292
1319972
1321260
1324898
1328434
1329803
1334251
1339114
1341249
1342521
1349463
1350698
1351580
1352537
1354634
1356459
1358377
1362398
1364318
1368707
1369049
1369723
1371048
1374480
1376647
1387781
1390364
1394509
1395142
1396220
1399159
1402208
1403386
1403477
1406560
1408885
1411947
1412967
1416723
1421215
1424880
1428093
1431231
1431387
1432192
1439682
1443592
1448243
1450075
1457291
1461061
1469024
1472711
1474168
1479605
1480338
1485140
1487956
1503037
1510859
1514811
1515582
1517948
1518392
1519221
1522193
1523353
1530314
1531398
1537330
1539498
1541156
1541784
1543705
1548261
1548601
1555479
1557461
1559580
1559751
1563677
1564835
1565256
1565323
1569708
1570254
1573585
1579186
1581067
1581236
1584843
1585066
1599278
1599838
1602590
1604815
1608259
1608554
1611617
1611867
1613543
1614463
1616426
1620567
1623597
1642148
1652974
1659351
1668659
1690538
1691231
1699911
1700314
1703278
1703775
1704936
1707179
1711681
1714012
1716702
1718126
1719225
1720788
1723376
1726498
1729507
1732797
1739702
1744469
1752808
1754759
1760143
1760320
1761244
1761462
1764535
1765740
1776492
1776998
1777991
1778320
1779444
1779643
1783467
1798321
1801639
1804520
1805184
1805927
1807205
1812736
1814386
1821408
1822307
1830537
1831069
1833858
1837192
1841688
1842930
1844600
1847096
1847615
1851794
1852573
1855931
1866450
1866644
1867952
1869478
1869612
1876955
1877252
1878969
1880485
1886524
1886723
1890028
1891742
1892095
1895146
1900611
1902788
1902815
1905716
1906796
1907566
1910045
1918360
1920932
1922001
1927088
1932200
1937519
1941038
1944068
1947137
1948257
1953835
1957769
1961450
1976200
1977593
1984139
1984601
1993581
1995281
1997805
1998514
2001200
2003947
2004659
2006901
2016829
2019150
2022234
2022529
2026236
2028520
2033969
2038003
2038899
2039888
2041373
2042765
2044685
2051283
2055322
2061533
2064556
2067195
2068688
2077204
2077808
2082995
2084305
2086891
2087448
2088026
2088320
2089227
2089820
2091574
2092811
2098170
2098778
2107653
2112874
2113124
2120996
2122679
2136851
2143397
2149751
2151197
2157572
2159065
2159310
2160296
2162626
2163448
2163641
2166320
2167169
2170147
2170226
2170306
2181217
2181863
2182158
2187676
2187950
2196039
2198442
2198814
2206416
2207815
2208236
2209422
2213158
2215520
2216703
2217110
2217827
2218921
2218950
2226972
2230473
2241174
2242781
2243997
2245179
2248791
2249538
2257092
2257387
2262592
2262881
2268842
2274346
2277676
2284816
2285480
2287034
2287760
2293105
2293255
2296900
2306415
2313413
2313679
2314299
2320173
2321836
2324277
2328344
2329219
2329330
2331290
2335020
2337559
2341967
2342114
2342780
2343393
2345492
2346320
2353452
2355226
2356780
2357616
2363712
2367785
2374796
2375030
2379437
2380953
2384934
2388300
2389072
2389861
2390854
2391834
2393979
2394094
2394326
2395969
2396268
2399359
2402438
2403645
2406309
2408259
2412777
2413373
2414805
2415983
2422196
2422856
2426754
2428408
2429020
2431169
2431605
2439249
2439788
2444332
2445158
2449228
2454403
2455296
2455650
2456037
2460090
2461970
2463565
2473795
2477526
2479554
2479751
2480103
2481419
2483012
2484634
2486568
2487152
2487243
2497066
2498878
2503907
2505228
2505366
2511907
2512244
2513277
2514767
2516299
2522101
2524575
2525631
2525721
2526021
2527196
2528403
2530060
2530195
2535193
2535410
2536833
2539869
2545933
2548470
2552767
2554349
2554385
2556184
2558260
2561018
2564537
2568157
2568988
2570318
2571964
2577570
2579170
2585653
2585831
2588390
2588556
2588788
2594367
2599373
2600379
2603486
2604461
2605237
2605657
2605990
2608268
2616868
2619248
2620313
2623552
2628007
2628238
2640032
2641473
2644823
2658266
2662673
2666399
2670079
2670273
2670426
2671978
2672683
2672722
2673361
2677142
2681491
2684139
2686210
2686398
2687475
2688914
2695539
2696559
2701091
2701781
2701902
2704522
2708575
2708816
2713699
2714685
2715103
2721545
2722676
2730335
2730740
2730911
2732001
2732858
2732897
2735565
2739271
2740728
2740906
2751845
2753052
2753559
2755879
2756960
2764519
2767473
2770631
2777380
2778663
2780917
2788209
2789313
2790956
2792222
2794848
2798164
2807623
2810214
2810919
2815364
2817608
2818406
2818940
2821165
2821713
2826926
2828409
2829703
2841548
2841958
2843877
2844032
2844097
2844195
2847847
2849358
2856797
2861273
2864045
2867310
2867720
2868238
2874685
2874868
2875358
2878888
2879496
2879540
2882413
2884554
2886324
2888850
2894788
2898599
2899889
2906128
2914934
2920230
2926807
2929666
2932775
2936024
2937031
2943893
2946583
2947209
2948066
2949327
2951157
2952497
2953009
2957061
2957465
2959939
2961314
2962623
2966602
2971270
2974291
2975318
2978168
2980829
2986984
2989840
2991501
2997764
3000906
3004866
3008535
3011427
3013858
3015145
3015250
3018715
3021524
3025275
3031784
3032995
3034722
3040564
3044657
3048820
3052352
3053287
3056558
3057159
3062005
3062871
3063060
3066271
3068051
3075680
3090101
3093991
3095222
3102464
3106875
3107798
3111458
3112330
3114278
3117685
3120299
3126673
3127822
3132381
3134558
3135033
3135955
3137619
3139171
3142019
3142889
3144140
3144875
3145979
3149062
3152607
3155598
3159020
3159332
3169458
3169639
3170769
3171676
3172383
3173941
3174796
3176475
3178821
3179000
3195796
3196909
3203292
3203873
3208518
3211827
3223927
3226345
3228410
3230588
3233396
3236040
3236336
3236737
3237915
3240849
3245915
3249124
3259161
3259814
3268099
3269358
3269500
3270198
3271267
3273427
3275597
3276253
3276467
3278969
3280579
3282014
3282163
3286870
3291836
3294865
3299543
3300692
3328513
3336524
3336865
3338587
3340747
3341397
3341640
3342512
3350152
3350932
3351847
3356427
3356950
3362405
3362431
3367399
3368278
3369715
3371678
3372021
3372259
3372840
3373305
3375135
3377182
3378561
3378963
3379897
3381674
3390333
3392768
3395202
3396363
3397225
3401717
3409531
3410891
3413683
3414983
3416006
3417801
3420145
3421668
3422745
3423214
3425195
3426557
3428287
3428658
3429840
3430545
3433737
3439387
3447210
3452647
3455627
3457032
3461609
3463957
3465637
3473629
3479018
3482797
3485755
3487296
3488396
3490895
3491795
3493202
3494596
3511109
3511546
3514586
3514943
3519877
3522618
3533416
3537801
3538552
3539584
3542196
3547180
3555408
3555826
3555965
3558150
3558195
3560723
3562035
3562577
3563862
3564377
3564520
3564887
3568713
3571953
3575467
3578295
3580075
3595794
3597872
3598665
3598727
3610263
3610941
3613341
3617234
3631806
3632316
3634774
3634863
3635182
3639446
3639698
3640923
3641139
3644798
3646720
3649157
3652934
3656393
3658814
3665301
3667312
3672120
3676547
3677641
3678613
3683702
3684162
3685836
3690698
3692996
3696906
3697073
3698000
3703800
3705483
3705934
3706493
3714679
3717123
3717826
3718917
3720360
3720936
3721183
3721665
3726198
3728437
3729877
3731286
3736150
3736680
3740192
3741953
3744400
3746805
3748647
3758190
3760471
3766344
3769585
3769609
3771117
3773954
3776746
3782337
3790438
3795725
3796244
3796755
3801169
3802283
3804908
3812912
3814725
3818687
3824481
3828452
3829520
3830396
3832117
3834057
3834199
3844783
3846724
3847954
3859303
3862305
3864415
3869590
3873196
3873453
3873566
3875864
3882183
3885503
3894223
3894922
3904762
3905829
3907551
3908766
3912961
3913371
3917797
3926797
3928060
3930243
3930519
3931591
3932745
3934201
3936781
3937387
3937509
3941838
3949530
3952279
3952417
3959699
3960711
3962762
3966428
3968311
3968545
3974365
3975675
3978343
3979967
3981417
3981511
3984385
3987593
3991295
3995091
3998140
3998415
4002355
4010775
4014888
4020507
4021057
4022826
4024607
4028845
4038076
4042804
4044805
4045548
4049931
4050131
4052507
4054765
4063441
4065606
4074992
4079671
4079911
4081731
4086048
4086735
4088219
4088420
4099199
4100879
4108539
4123867
4123939
4127588
4133213
4135448
4136841
4144908
4152351
4155601
4156329
4157493
4166550
4172300
4175285
4178360
4180210
4181272
4181988
4186751
4188491
4195892
4197551
4198597
4204494
4206479
4207174
4211864
4212315
4213639
4217284
4217295
4217403
4234367
4235411
4238552
4243231
4243946
4244371
4245297
4246357
4251851
4253096
4253367
4256267
4258824
4266676
4268024
4268660
4270416
4279755
4282125
4284352
4291594
4298111
4303401
4305479
4309328
4313096
4319729
4320170
4320238
4321728
4322815
4324999
4347814
4348377
4350098
4350917
4358297
4360864
4361837
4363205
4365645
4366256
4366504
4367319
4368080
4369589
4374372
4376480
4377553
4383711
4386705
4390492
4395324
4396850
4397984
4405903
4415070
4419861
4420005
4421070
4423050
4431581
4431853
4433604
4436585
4442688
4446342
4446400
4449415
4454978
4455885
4462576
4464328
4464653
4465399
4469869
4471907
4475459
4479167
4480806
4480975
4481820
4481833
4490125
4492058
4494822
4499884
4508667
4513037
4516323
4518550
4519033
4519326
4520245
4525536
4529185
4542752
4542832
4544278
4545060
4546902
4547662
4552678
4553621
4554676
4555379
4555852
4557870
4559190
4560556
4561155
4561696
4561843
4561877
4563424
4567253
4569062
4578432
4587353
4594901
4595830
4603937
4610007
4615033
4615467
4617547
4617760
4618712
4624780
4625937
4629621
4629639
4632255
4633103
4633919
4634368
4640186
4642085
4644432
4652369
4654576
4655956
4655991
4659951
4663048
4663982
4666136
4666493
4669112
4670827
4675800
4677403
4679092
4680113
4683175
4684789
4685470
4688564
4688693
4689779
4691027
4691399
4694537
4695950
4697005
4697882
4699750
4703069
4706214
4706288
4708132
4708956
4711707
4712292
4715425
4715469
4721740
4722758
4730279
4733100
4736931
4739503
4741994
4744265
4752132
4755307
4756733
4757748
4767508
4767760
4774559
4774825
4775486
4776166
4776314
4776512
4778129
4785611
4786482
4788655
4789715
4791922
4792701
4795624
4798166
4802060
4803602
4808196
4811218
4811882
4815985
4816854
4817839
4821394
4828743
4832788
4833412
4833601
4835360
4838997
4841041
4847612
4852130
4854514
4854787
4859657
4860509
4862512
4865858
4869616
4871579
4875268
4875555
4881810
4882926
4885895
4886851
4887703
4893856
4896608
4897327
4900034
4905218
4907950
4908288
4910209
4911364
4912088
4914241
4915898
4926789
4927975
4932484
4933472
4939378
4940799
4943150
4943479
4944205
4944325
4944782
4947384
4957915
4959905
4960988
4962666
4964788
4969242
4970490
4973511
4978482
4979963
4990705
4993142
4997489
4997597
4998106
5003575
5008263
5009332
5014013
5021810
5022615
5026605
5027506
5031129
5033711
5040476
5043806
5045415
5046045
5046810
5053827
5054235
5057387
5059974
5061043
5065170
5065780
5071276
5084434
5092896
5095659
5097269
5097331
5098604
5102363
5102900
5103168
5104257
5104967
5106266
5107566
5108380
5109306
5110093
5110406
5113920
5115101
5116747
5123015
5123593
5127325
5132565
5133122
5135165
5135443
5138246
5138964
5140075
5142795
5143131
5143304
5143988
5148782
5152456
5155240
5156125
5169622
5173132
5179313
5180039
5187122
5195164
5195385
5197641
5198261
5198347
5198601
5201293
5201514
5208174
5208191
5212264
5217728
5222423
5228607
5236951
5237963
5238473
5239888
5240357
5244014
5251693
5252640
5255633
5257024
5260521
5260674
5261887
5263108
5264695
5268749
5269402
5271944
5272648
5272663
5273181
5275822
5277381
5280155
5291064
5304381
5306066
5308599
5313752
5314215
5314670
5315779
5319979
5321524
5321572
5323205
5323884
5328793
5329094
5330782
5331849
5336196
5338252
5340921
5342445
5343299
5345039
5348432
5350594
5359433
5362319
5365253
5368555
5368757
5369258
5371737
5376822
5377560
5389119
5395321
5399202
5403444
5412054
5420957
5422109
5424062
5431131
5431568
5434338
5437453
5440556
5440934
5441212
5441747
5443282
5445923
5446060
5448038
5448943
5453627
5455430
5455540
5458447
5459777
5460839
5480941
5485771
5490950
5491305
5516266
5517838
5520895
5521142
5525290
5529251
5535289
5536763
5536880
5538323
5540568
5541173
5541672
5543724
5544643
5545816
5556666
5557272
5562021
5566476
5566946
5567182
5572184
5572412
5575495
5578017
5585343
5588010
5592162
5605625
5607614
5608412
5608565
5610282
5616675
5618494
5619605
5622528
5624751
5625243
5628597
5629566
5630105
5630385
5634444
5641409
5642022
5647967
5657367
5659782
5662889
5664897
5669608
5670512
5673339
5673571
5675490
5676870
5677539
5678556
5678591
5678882
5679553
5684487
5688990
5690908
5696762
5697246
5705457
5705601
5705725
5709903
5712115
5718918
5732358
5735096
5736569
5737609
5745861
5747837
5752323
5760002
5761313
5765244
5769990
5774497
5774650
5780341
5781947
5789930
5790810
5792183
5799099
5801421
5807236
5824179
5825173
5835586
5837677
5843019
5845146
5845154
5846747
5850269
5852741
5858410
5862142
5863521
5865682
5866503
5868967
5878195
5878592
5879525
5881285
5881348
5888551
5893178
5900122
5904789
5906738
5908628
5911448
5913770
5917926
5920091
5920258
5920867
5921722
5924827
5925463
5928381
5937418
5947178
5949142
5951589
5955809
5970402
5976126
5977979
5978723
5978975
5979418
5987055
5991465
5991998
5995006
5998016
6003896
6005293
6006314
6006365
6007884
6013018
6016797
6018347
6019064
6021700
6022307
6024935
